17
-2.25219446122,-1.2968252475,-1.25259519131,-0.34145603379,0.109690539352,0.2600727304,0.313148797828,0.286610764114,0.826217449637,0.817371438399,1.03852171935,1.0031376744,0.941215595732,0.596221157447,1.1889039104,0.790833404685,0.401608910209,0.551991101257,-0.783756595694,-0.429916146171,-1.88066198922,-1.95143007912,-0.774910584456,-1.30567125874,-0.120305752838,-0.306071988838,0.790833404685,0.4458389664,1.25082598907,1.08275177554
0.630613753081,-0.0673595565346,-0.518133985661,0.0780515496353,-0.699897868374,-1.1506722975,-1.17975451873,-0.903473417012,-0.823497308618,0.0853221049438,-0.61992175998,-0.649003981214,-1.31062451429,-0.554486762204,-1.24518951651,-1.25246007182,-1.55055283947,-0.968908414788,-1.0634256338,-0.0455478906091,0.514284868145,0.499743757528,0.848730412336,0.812377635793,1.02322373974,1.28496373085,1.06684707159,1.47399816887,1.62667983034,1.90296093207,1.74300871528,0.928706520729,0.281627098273,-0.198229552088
-1.80303146516,-0.757045376815,0.516779265432,0.475354073814,0.423572584292,1.15886973551,1.46955867264,1.58347794959,1.03459416065,1.18993862922,0.920674883705,1.22100752293,1.49027126845,0.496066669623,-0.146023800453,0.703192627712,-0.404931248064,-1.04702171814,-1.08844690976,-0.694907589388,-0.580988312439,0.713548925616,-0.291011971115,-0.332437162733,-1.27486027204,-0.197805289975,-1.1816535909,-1.1920098888,-1.61661810288,-0.788114270528
-2.09196952046,-1.76468182409,-1.78471984632,-0.635873238658,-1.03663368319,-1.27041060917,-0.842932801666,-0.315264883032,-0.00801520889065,0.0587781985314,0.0387401763048,-0.529003786783,-0.549041809009,-0.502286423814,0.26583776154,0.533011391228,0.452859302321,0.893695791307,0.59980479865,-0.0814879570549,0.679956887556,-0.161640045961,0.0387401763048,-0.154960705219,0.519652709743,1.34121162103,1.31449425807,1.28109755435,1.75533074705,1.95571096932
-0.310367007986,-1.58517296049,-1.73913503205,-1.32035819741,-1.8623046893,-1.84998772358,-2.17022883242,-1.46816178611,-1.24645640306,-1.35730909459,-0.92005681136,-0.649083565416,-0.642925082554,-0.0825031420793,0.231579483901,0.379383072597,0.521028178431,0.428650935496,0.945963495934,0.878220184448,0.841269287274,0.773525975788,0.964438944521,1.01370680742,0.945963495934,0.810476872962,1.10608405036,0.976755910246,0.527186661294,0.767367492926,0.88437866731,0.471760315533,0.305481278249,0.755050527201,0.822793838687,1.14919343039,1.02602377314,0.434809418358,0.0262556652698,0.231579483901,-0.759936256938,-0.254940662225
-1.67730786392,-1.66466045673,-0.248150851422,-0.804636767793,-0.602278252749,-0.665515288701,0.92805801727,1.95249799968,1.1430639395,0.030092106763,0.826878759749,1.64896022711,0.270392843378,1.37071726893,0.940705424461,0.308335064948,0.852173574129,0.90276320289,0.3715721009,1.13041653231,-0.741399731842,-0.576983438369,-1.07023231879,-1.10817454036,-1.50024416326,-0.690810103081,-0.248150851422,-0.513746402418,-0.564336031179
-1.29927882647,-0.853061855766,0.368722706888,-1.90485900101,-2.90353507831,-2.22358540866,-1.53301152542,-0.470590166587,-0.26873010841,0.145614221534,0.676824900948,0.411219561241,0.549334337889,-0.459965952999,-0.311226962763,0.198735289475,0.581206978654,0.613079619419,0.528085910712,0.698073328125,-0.258105894822,0.219983716652,-0.0562458366439,0.198735289475,1.36739878419,1.30365350266,0.72994596889,-0.226233254057,0.209359503063,0.687449114537,-0.0881184774088,0.708697541713,1.05929659013,1.60113148313
-1.62322133422,-1.38119227615,-1.52103128748,-1.39194912317,-0.800322536785,-0.832593077861,-1.12302794754,-1.60708606368,-1.38657069966,-1.14454164159,-1.53716655801,-1.13378479457,-0.956296818651,-0.681997219507,-0.332399691186,-0.391562349825,-0.106505903656,-0.0957490566309,-0.0312079744794,-0.0527216685299,0.0602252252353,0.495877529758,0.775555552415,0.866988752129,0.856231905104,0.673365505675,0.286119012766,0.463606988682,0.506634376783,0.700257623238,1.10363938668,1.16818046884,1.29726263314,1.2811273626,0.672827663323,0.947665104819,0.915394563743,1.06061199858,1.08212569263,1.47475060906,1.44248006798
0.895893437122,0.908444312492,0.912627937615,0.711813931696,0.644875929723,0.381307546954,-0.0956257171044,-0.39266310086,0.138657289801,0.448245548927,0.485898175037,0.43987829868,0.276716918871,0.201411666651,0.35202217109,-0.0203204648847,-0.150012843707,0.410592922817,0.000597660731905,0.0466175370884,-0.0161368397614,0.155391790295,0.444061923803,0.326920420351,-0.0788912166111,-1.05785949547,-2.32549790783,-4.04496783351
0.565590682613,0.537587066465,-0.518149262316,-0.0411543339274,-0.0971615662234,0.154870979109,0.192209133973,0.873630460242,0.817623227946,1.32168831861,0.817623227946,0.0895292080968,0.500248911601,0.0801946693808,0.164205517825,0.621597914909,0.378899908293,0.621597914909,-0.47987765358,0.537587066465,0.313558137281,0.798954150514,1.0229830797,1.04165215713,0.537587066465,0.509583450317,0.164205517825,0.229547288837,-1.70270222538,-1.93606569328,-1.30131706059,-2.1227564676,-2.10408739017,-2.5894834034
-0.0968239951795,0.277884866165,0.664489246918,0.0161834391943,0.533638533432,0.3314147035,0.0340267183059,0.289780385573,0.313571424388,0.0637655168254,0.420631099058,-0.459637337116,-0.382316460966,-0.614279089417,-0.632122368529,-0.816502919349,-0.435846298301,-0.227674708665,-0.352577662447,-0.376368701262,-0.0492419175484,-0.328786623631,-0.525062693859,-0.745129802903,-0.959249152243,-0.917614834315,-1.39938337033,-1.84546534812,-2.1250100542,-2.16664437213,-0.762973082014,-0.483428375932,0.337362463204,0.557429572248,0.581220611063,0.753705642476,1.27116073671,1.17599658145,1.51501888457,1.39011593079,1.89567550562,2.09195157585,2.18711573111
0.143398959004,0.0540717069172,-0.400685212796,-0.762054550783,-1.03003630704,-1.07469993309,-0.948829714237,-1.09094125165,-0.798597517546,-0.705209935819,-0.802657847186,-0.205789390062,-1.80555926834,-2.64198717424,-1.88270553151,-1.12748421841,-0.538736420567,-0.45346949812,-0.778295869344,-0.514374442725,-0.534676090926,0.143398959004,0.326113792817,0.695603790084,0.671241812243,0.886439283179,0.837715327495,0.963585546344,0.874258294258,1.11381774304,0.935163238862,1.1503607098,1.03261115023,1.08133510591,1.02855082059,1.08539543555,1.1909640062,1.1300590616,0.788991371811,0.955464887064,1.00824917239
1.22040578235,0.969236710791,0.273289075018,0.299452519972,0.885513686939,0.780859907123,-0.0354395754375,0.82795410804,-0.260445202041,-0.904065947906,-1.72036543047,-1.56338476074,-1.84594996625,-1.18663115341,-1.18663115341,-0.679060321303,0.336081342907,-0.0720683983729,0.55585428052,0.922142509874,0.848884864003,1.53436712179
-0.867267168851,-0.385812310629,-0.992737222812,-1.3516399353,-1.80683361944,-1.71929637249,-1.876863417,-1.50920697981,-1.50920697981,-1.22616988134,-0.660095684404,-0.887692526472,-0.537543538675,-0.333289962459,-0.374140677702,0.00810530064346,-0.0356633228312,0.848462871358,0.504149700024,0.521657149413,0.410776636611,0.553754139962,0.702567459776,0.725910725629,0.819283789042,0.848462871358,0.842627054895,0.836791238431,0.839709146663,0.836791238431,1.01770154879,0.938918026539,1.02645527349,1.18985813446,1.3036565555,1.29782073903
1.44777350784,1.10384541209,0.84180495818,0.46921618778,0.596142032641,-0.251395060468,-0.0999029230525,0.354573489195,0.976919567227,0.338195960825,-0.390604051607,-0.296433263484,0.0843442711017,0.616613943103,0.563386975903,0.46921618778,0.927786982119,0.600236414734,0.182609441317,-0.456114165084,-0.361943376961,-0.926968105701,-1.94646924669,-2.40913442312,-2.43370071567
0.472356728575,1.00821899175,0.85009570098,0.568987628492,0.621695392084,1.1224191462,1.40352721869,1.53529662767,1.28054243698,-1.18354551092,0.164894774291,-1.82921561492,-1.82043098765,-0.836552733946,-1.22307633362,-1.08252229737,-1.1264454337,-0.0195823982788,0.691972410205,0.12975626523,-0.643290934111,-0.0898594164006,0.48114135584,-0.476383016071
0.676857975951,-0.300986550503,0.590758457899,-0.0857377553717,0.147960936485,1.61165274338,1.62395267453,0.455459215245,0.812157218605,0.953606426835,-0.276386688202,-1.18658159333,-1.26038118023,-1.22348138678,-1.9368773935,-0.829883589969,0.227910488963
