36
0.328293052519,-0.641225604416,-0.741671231035,-0.387927937289,-0.545147178954,-0.304951115299,-1.48409542779,-2.07803478519,-1.4011186058,-1.04737531205,-0.523311173167,-0.396662339603,-0.789710443766,-0.553881581269,-0.374826333817,-0.0516534481716,0.0793625865494,0.271519437473,0.0313233738183,0.869825996032,0.865458794875,1.3240149164,1.34148372103,1.38078853144,1.1493268701,0.813052380987,0.236581828215,-0.056020649329,2.6865816775
-1.47104798571,-0.953521005295,0.0283292472588,-0.619788653442,-0.818093384253,-0.35377011211,-0.0925882715287,-0.213505790316,-0.479524331648,-0.247362695577,-0.542401441418,-1.22921294813,0.149246766046,-0.184485585807,0.642590242699,1.15044382161,1.44548256745,2.59178064555,1.58091018849,0.652263644202,-1.03574491807
-2.73343801982,-1.10759961393,0.509726548994,0.233078652704,-0.337241625801,-0.341497747283,-0.350009990245,0.105395008263,-0.707524194682,-0.635170129498,-0.545791578389,-0.17976513099,-0.933098633195,-0.562816064314,-0.788390502828,-0.584096671721,-0.562816064314,-0.205301859878,-0.132947794695,0.7140203801,0.820423417135,1.2630600512,1.10983967787,1.38648757416,1.35243860231,1.31838963046,1.16942537861,1.14388864972,0.948107061577,1.39499981712,1.650367106,0.518238791957,0.0458093075233,-0.277655925062,-0.354266111727,-1.22677101541,-1.1842098006,-1.93328718132
0.851767537761,1.8366161504,0.823788883993,1.33859611333,1.71910580458,1.55682961272,0.286598731643,-1.60475826309,-0.910887649636,-1.3137802639,-0.866121803607,-0.642292573462,-0.345718843518,-0.642292573462,-1.35854610993,0.107535347527,-0.183442651663,-0.0771237673437,-0.961249226419,-0.0379536520682,-0.496803573867,-0.110698151866,1.03083092188
0.935679192997,1.72656537693,0.775068460259,1.08168895003,1.21309773136,0.814004395468,-0.222664879478,-0.130192033356,0.132625529306,-1.1473933407,-2.25220050226,-1.1765952921,-1.5951565956,-0.933245697046,0.0839556102949,0.77993545216,0.305403741797,-0.470881466437,0.166694472615,-0.0863891062455
-1.1651321261,-1.30202753262,-1.70843577075,-1.74265962238,-1.97794860235,-1.94372475072,-1.71271375221,-1.25069175518,-0.844283517049,-0.591882611264,-0.60899453708,-0.373705557111,0.45536724867,0.190987994814,0.20809992063,0.056231579014,0.135374235913,0.661565954752,0.178154050452,-0.0528569480624,-0.775878593599,-0.202586298952,-0.412635188342,-0.0785248367863,0.978136582347,0.909688879083,1.18390749028,1.76100718842,1.48721637537,1.38882280193,0.297937531164,0.524670548225,0.29365954971,0.0925944213729,0.0241467181092,-0.181196391682,-0.0699688738784,0.464778807869,0.456222844961,0.999526489616,1.11075400742,1.31609711721,1.82089892878
-1.03603655873,0.62730031555,0.675512978573,-0.433378270948,-0.0436592448483,-0.212403565428,-1.40968469716,-1.7431556164,-0.646317532632,-0.312846613391,0.832204133397,1.06523200467,1.1134446677,-0.477573212052,2.0013612117
-1.27020574468,-0.751119781222,-1.0525245342,-0.717630364225,-0.550183279239,-0.328315891633,-0.550183279239,-1.08601395119,0.0107644554634,-0.206916755018,-0.12737938965,-0.788795375344,-0.0980761497774,-0.441342673998,-0.152496452398,0.70148368103,0.697297503905,1.42569232359,2.92434373422,1.33359642685,1.02800549675
1.55137494758,0.548565059439,1.21196237005,0.375001809569,0.247722092997,-0.481243556459,-1.06171620325,-1.63254644727,-0.604666311922,0.644989087145,0.309433470729,0.756840959283,0.602562514954,0.398143576218,1.16182187565,1.13096618678,0.594848592738,-0.230541084424,-0.635522000788,-1.82346602212,-1.81960906102,-1.24492185589
-0.52614063428,-0.275087288148,0.497763208765,1.20169710086,-0.0634148590574,0.985102057138,-0.191402839438,-0.422765727049,-0.358771736859,-0.59997985373,1.92039883684,0.945721140098,1.21646494475,-2.01769286718,-1.68787768697,-0.0880279322075,-0.53598586354
-1.46486629076,-0.727740262281,-1.35670105832,-0.831899375001,-0.799850417241,-0.154865142319,0.201679512762,0.377948780442,0.0534530831213,0.0254102450812,0.125563238081,0.646358801683,0.606297604483,0.542199688963,0.486114012882,0.598285365043,0.257765188842,0.393973259322,0.0654714422813,-0.118810064839,-0.3711956072,-0.41926904384,-0.747770860881,-0.707709663681,-0.45532412132,-0.054712149319,-0.066730508479,0.197673393042,-0.940064607441,-1.89752722052,-0.972113565201,0.0334224845212,1.56376021757,3.08608571117,2.82568792937
-0.675542999475,-1.19990814461,-1.26192982844,-1.0251197629,-1.64251743378,-1.24501482376,-1.05894977226,-1.01666226056,-1.07868394439,0.00387635523956,0.0658980390725,0.277335597594,0.703029882083,0.381644793131,0.144834727587,0.17020723461,0.184303071844,0.491592323562,0.564890677183,1.14563917125,1.53750344638,1.48957759978,1.52340760915,1.5205884417
-1.43216440215,0.456990284444,0.726869525386,0.871223537983,0.852394753731,0.369122624602,0.821013446645,0.952814936407,0.431885238775,0.494647852948,1.48629715687,0.927709890738,-1.50747953916,0.300083749013,-0.101596981692,0.300083749013,-0.685289293497,-0.233398471454,-0.409133791137,-0.409133791137,-0.955168534439,0.331465056099,0.469542807279,0.287531226178,-0.28988482421,-0.955168534439,-1.71459616593,-2.51795762734,-1.6330047675,-0.321266131296,1.37960071278,1.70596630648
0.40115361218,0.823068095775,0.801369636619,0.996655769026,1.28596855778,1.12684652396,0.767616477931,0.198634660054,-1.46250293536,-2.09899107061,-1.94951279642,-0.515003552198,0.263730037523,0.352934814055,0.225154999023,-0.989958713731,0.12389552296,-0.351059638572
0.861359815436,1.76078805147,1.58465980682,1.57291792384,0.959991632443,1.08915234519,0.386987743167,0.22260138149,-0.244725560994,-0.0451135503852,-0.599330426898,-1.29210152254,-0.986812565138,-1.01029633109,-0.686220360927,-0.82242620346,-1.1065797715,-0.655691465187,-0.989160941733
1.9721690216,1.04410322972,0.191526042923,-1.35821061433,0.329181734542,0.21816908001,-1.06957771255,-1.42037770087,-1.30936504634,-0.261405587565,-0.838671391127,-1.04071442237,-0.976327082746,0.329181734542,0.249252623279,0.879804501016,0.826518426841,0.82207792066,1.41266524277
-1.69202298454,-1.84194064695,-2.05974555272,-2.43312539118,-2.62264394555,-0.846261077722,-0.453080793283,-0.489853050101,0.0306158156313,-0.413479901325,-0.0429286980048,-0.020299616886,0.43511064063,0.686859168076,0.811319114229,0.582199667902,0.562399221923,0.633115100419,1.0008376686,0.972551317201,0.927293154963,0.887692263005,0.966894046921,0.726460060034,0.822633654789,0.590685573321,0.460568356888,0.282364343078,0.2484207214,0.0164726399321,0.0447589913305,0.222963005141,0.505826519126,0.497340613706
1.47518598759,1.8196158587,-1.60111860304,-2.04818629006,-2.12339597278,-2.0598323625,-1.98750698744,-1.42310784172,-1.1276567799,-1.13391518331,-0.576481912687,0.147316046827,0.689184940276,0.686082949021,1.34767782074,1.31350149603,1.46898200508,0.798843052187,0.315258941793,-0.143454817661,0.0353722571485,-0.391450855368,-0.757594665263,0.0447326518129,-0.0664492452763,0.051698526912,0.322279237792,0.40935267653,0.284184608344,0.260076149993,0.297354465953,0.699307227529,0.739741955644,0.276402419756,-0.18699153703,-0.0275927232393,0.334687202812,0.32380302297,0.124785794553,0.448971091156,0.940337390137
2.33985972775,1.48340389439,1.72130829254,-1.1205678818,-0.830757069498,0.575041646881,0.181418006295,-0.662061223533,0.146813730199,0.254952092998,-0.861035811082,-0.4328078944,-0.441458963424,-0.752897448283,-0.999452915464,-0.874012414617,0.272254231045
0.224288207219,0.854834299212,1.07489065346,0.418953443673,0.897152828875,0.537445326732,0.444344561471,0.651705356825,0.245447472051,-0.203128942387,-0.660169062757,0.960630623371,0.643241650892,0.62208238606,-0.482431238169,-0.249679325017,-1.51500336197,-1.81123306962,-2.65337180993
0.938454928978,0.735417242146,0.485780741943,-0.253143298658,0.0447562582507,0.435853441903,0.382597655192,0.23614424174,0.132961154989,-0.905526685856,-1.7376483532,-0.669204132331,0.122975694981,0.106333261634,0.509080148629,1.07159439575,1.44105641605,2.25653565005,1.81717540969,-0.0234777184715,-0.0434486384878,-0.263128758667,-0.838956952469,-0.635919265637,-0.765730245743,-0.972096419244,-1.32824449287,-2.28019168031
-1.70107335022,-1.59474485524,-1.21850556529,-1.13875919405,-1.1612517603,-0.827952824098,-0.705266099116,-0.778878134105,-0.570310701635,-0.284041676677,-0.447623976653,-0.394459729161,-0.427176189156,-0.363788047916,-0.40059406541,-0.222698314186,0.0942423920175,0.415272655721,0.69336256568,0.654511769436,0.957139024391,0.793556724415,1.12890043937,1.16161689936,1.60226671992,1.39267689808,1.67894592304,1.66463247179
-2.19616359134,-2.02343749266,-0.36582412633,0.534023129679,0.637101607921,0.489448652601,-0.914647375351,0.372440650272,-0.176382598749,-0.48283212866,0.364082935819,-0.237672504731,0.436516461071,0.893404851119,1.19985438103,1.47008714831
-1.81100767056,-1.71276891989,-1.97387717824,-1.76964398607,-1.17504102152,-0.435665161254,-0.027198776911,0.133085500489,0.326977771538,0.555770651375,0.487262048938,0.757418613266,1.66354182663,1.44896771334,0.57515987848,0.995259799086,0.489847279219,0.6527167869,0.722518004477,0.510529121464,-0.0401249283142,0.00899444701809,0.148596882173,-0.531318681638
2.05868267797,2.09054373904,1.15595261435,0.444388917134,-1.06016118891,-0.879615176183,-0.323816666422,0.182420192788,-0.727390106631,0.0266550053389,-0.819433171942,-0.985818713081,-0.939797180425,-1.11326295736,0.699277405687,-0.00166593783368,0.193040546478
-0.663552625885,-2.3840104038,-1.44997489419,-1.69684531499,0.135594921846,0.894021575425,1.15870738741,0.36974006322,0.944922693115,0.512263192751,0.400280733834,0.649696210514,0.161045480691,-0.378506366822,-0.928238437872,1.02127436965,0.639515986976,0.614065428131
-0.561749563248,-0.381390058875,-0.108019911992,0.142824219909,-0.0824964837248,-0.182864413387,-0.20881171828,-0.213989068498,-0.00162687885988,0.0373092169306,-0.125338299855,-0.426805411664,-0.787948297036,-0.789250203816,-0.491688812347,-0.78752442041,-0.954925410787,-0.865396611991,-1.02628806847,-0.98087271568,-0.724366803132,-0.454902376589,-0.432043315685,-0.732602120438,1.1281254371,1.30848494147,2.26653694699,2.19042081572,2.09353472977,2.15366465686
1.52994011768,0.940650735807,0.157678829821,0.314273211018,0.258640996645,0.338998639628,1.20438864098,-0.0792731943596,0.281305972871,0.262761901414,0.429658544532,0.676912830633,0.540922973277,0.233915568035,-0.25235119463,-1.67200288733,-2.21596231675,-2.08821426893,-0.862245100346
-2.46413065712,-2.0362330125,-1.68761397129,-1.68168531051,-1.60292374148,-1.5556323311,-1.2178365427,-0.651580500666,-0.731341669479,-0.171462384677,-0.288656841879,-0.502846946894,-0.065091180288,0.293385982917,0.41795679713,0.330302236935,0.838995119106,1.02857438811,0.894145451906,0.352982811299,0.00484633549486,0.321960749099,0.280597999498,0.315066957499,0.204766291897,-0.122688809107,-0.150263975507,-0.33984324451,-0.312268078109,-0.126135704907,0.246129041498,0.573584142502,0.776950994705,0.763163411505,0.952742680507,1.62075108656,1.40773292611,1.42152050931,1.29915570841,1.36292328071
-0.780937203066,-0.889814479557,-0.780937203066,-1.04802677196,-0.925539835906,-0.973173644371,-0.973173644371,-1.1211786921,-0.77243116584,-0.735004602046,-0.784339617956,-0.940850702912,-1.1211786921,-1.32702479297,-1.54477934595,-1.30490909618,-0.949356740138,-0.488329522495,-0.399866735346,-0.0868445654331,-0.0204974750712,-0.0392107569681,0.238086056596,0.340158503307,0.27891503528,0.452438194688,0.690607237013,0.554510641399,0.598742034974,0.571522715851,0.624260146651,0.593638412638,0.741643460369,1.00533061437,1.27242018326,1.50378439581,1.47146145435,1.72324015624,1.58714356062,1.86614158163,1.89336090075
-0.158597892071,-0.313786124301,-0.434780339259,-0.561035172259,0.0939117739291,0.588409869846,0.438482255659,0.701513157742,0.998738077097,0.654167595367,0.956653132764,0.320118349721,0.351682057971,0.446373182721,0.81987706368,1.24072650701,1.25650836114,0.664688831451,0.0413055935124,-0.108622020675,-0.0507552222169,-0.355871068634,-0.432150030238,-0.589968571488,-0.781981130009,-2.49957292062,-3.28603531785
-1.43560124881,-0.866665007981,0.303904958783,-0.938599475212,-1.17729111648,0.366030180482,0.778018492807,0.441234396224,0.99055214599,1.44504718895,1.25867152385,0.905538684717,0.951315163864,0.791097486849,-0.451406947146,-0.667210348839,-0.794730540749,-1.8999055373
-1.16418763915,-1.54576764709,-1.14728219576,-1.34531738975,-1.1786780192,-0.686005097553,-0.688420160894,-0.268199139492,0.596393536728,-0.321330533002,-0.497630156924,0.642279740214,0.94657772123,0.697826197066,1.10355683842,1.43925064287,1.30159203241,1.04076519154,1.07457607832
-0.995433494684,-1.55407602089,-1.70967108691,-1.19789454445,-1.04229947843,-0.508027263765,-0.399298181483,-0.376802509287,-1.11915969176,0.0374927869937,0.710488313531,0.384301066686,0.65987305109,0.663622329789,0.834214510611,0.905450805899,0.71611223158,0.864208740206,1.29537579063,1.83152264464
1.57507041999,1.05714284703,0.409733380818,0.695032467622,0.673086384021,0.975942337706,0.848655052824,0.58310744126,1.00447224639,0.692837859262,0.240748537095,0.260500012336,-0.318876594712,-0.759992875079,-1.69270142809,-1.58077640173,-1.23622288921,-0.922393893721,-1.48640824225,-1.01895666156
-3.39263803461,-1.36118706816,-1.16427941879,-0.118325289382,-0.201425143421,-0.307200613955,-0.241553712555,-0.189624567489,0.206074856813,-0.103219229997,-0.201425143421,-0.406365117581,-0.521957873975,-0.177823991558,-0.133894116451,-0.128704507428,-0.367162083814,0.04318063219,0.377497228748,0.383182660289,0.458712957218,0.504064190209,0.828001568721,1.37102639058,1.29453750345,1.83144718091,1.71906074347
