11
-2.3438592349,-0.838995011135,-0.0413038248537,-0.00735951905444,0.501805067934,0.275509695939,0.518777220833,0.880849816025,0.524434605133,1.12977472522,1.31646840712,1.70682792381,1.54276377911,0.405629534836,-0.511319312487,-0.742819478038,-0.906883622734,-0.556125796142,-1.60274189162,-0.850309779735,-0.516524106043,-0.708875172238,0.824275973026
1.3003417632,0.996209683479,0.896416344819,0.844143643616,-0.0872608505452,0.140838209249,-0.2488310179,-1.62692950416,-2.71990416567,-1.25626853199,-1.32754948818,0.221623292926,0.136086145504,0.497623155278,0.383193460281,0.516251245161,0.501995053924,0.616044583821,0.202615037944,1.14827572334,0.126106811638,-1.26102059574
-1.63677524919,-1.044463428,-0.391401676438,-0.517964031393,-0.371151699646,-0.426839135826,-1.11068085212,-1.15583830036,-1.09508836999,-0.142934461192,0.312285017109,0.0591603072,0.767909494946,0.428722383667,-0.614556420694,0.514784785036,-0.735651281915,-0.457619100551,-0.700163197586,0.261660075127,1.31506386789,1.31972136255,1.20328399599,1.94200314939,2.276532766
-0.58788767986,0.273262670108,0.761473892136,0.778425670679,0.669934288006,0.4292190327,0.29021444865,0.524148992539,-0.0589921893285,-0.19460641767,0.693666777966,0.0494991933446,0.134258086058,0.046108837636,0.303775871485,0.700447489383,0.493635791162,-0.0691632564541,-1.54396798967,-3.69345350888
-0.0538143946496,-1.648477681,-2.21517620425,-1.66824623414,0.143871136716,-0.524964911072,-0.936809768084,-0.910451697235,0.532652681736,0.684211589117,1.11911975812,1.07299313414,0.974150368453,1.38270046661,1.04663506329,-0.462364492806,0.855539049634,0.697390624541,-0.172425713469,0.110923548155,-0.0274563238008
0.149704629519,1.84737910382,1.30971162692,0.716583961463,0.0353973706508,0.259778286207,-1.42942898374,-0.997262873171,-0.0955056087645,1.17423635715,-0.167815534004,-2.2165403011,-1.51833462952,-0.743585430527,0.323282318912,0.179339844781,-0.0196394576933,0.907519419795,0.285179899289
0.115133679942,-0.436126765238,-0.0398152019468,0.135992183273,0.0346794528072,0.842201510341,-1.4462742837,-2.49813880883,-1.42550517396,-0.394409758576,0.444400053954,0.577238922312,0.127052824702,0.499526098472,0.459596963524,1.39048216933,1.61396613359
-1.75756150746,-1.1859859387,-0.821437741298,-0.735926435736,-0.447888353841,-0.360126750764,-0.4568895439,-0.353375858219,-0.330872883071,-0.272365147687,0.258705065807,0.11018542983,0.272206850896,0.767272304152,1.02830681587,0.960797890426,1.19932942699,1.00130324569,0.353217561429,0.949546402852,1.31184430273,1.20833061705,1.36135084806,0.735768138945,0.672759808531,-0.816892140319,-0.353375858219,-1.83857221799,-2.45965433207
-2.88562312514,-2.21176328357,-1.738518204,-1.75909407702,-0.915483282996,-0.385654552602,-0.11302423502,0.185325923842,0.0258629078984,0.54540370178,0.612275289111,0.571123543061,0.514539892243,0.807746082849,0.756306400287,0.699722749468,0.550599109719,1.0135048131,0.746018463774,0.0927344952297,0.478532114449,0.596843384343,-0.00500090163913,-0.0816460286573,0.689434812955,0.828321955874,1.37872655929,0.802602114593,0.00528703487338,-0.58112534634,0.21618973338,-1.44016804513
-2.81941045518,-1.28384458495,-0.983481150998,-0.721928722553,-0.500874734641,-0.44687681393,-1.18597335367,-0.855236089309,-0.801238168598,0.285469985717,0.197723364561,0.086352653094,0.481212448295,0.91657068403,0.832198932918,0.930070164208,0.892946593719,0.437069148114,0.406965307317,0.447463747851,1.08220930581,1.38567762021,1.21693411799
-2.10373327635,-2.18240376949,-1.62609099657,-1.45189204748,-1.3310766473,-1.38446019622,-1.16530667962,-0.457272241369,0.0625149454407,0.17771102468,0.188949666557,-0.193164157261,-0.968630446772,-0.637090511401,-0.547181376385,-0.243738045707,0.557015188028,0.155233740926,0.380006578465,0.346290652834,-0.316789217907,0.17771102468,0.0990405315408,0.312574727203,0.256381517818,0.99251256076,1.10489897953,1.64997311056,1.26223996581,0.54858620662,1.04308644921,0.604779416005,0.756501081344,1.31281385425,1.10489897953,1.51510940804
