18
-1.90075961001,-1.12927482712,-0.491961310826,0.363380513678,-0.357790044237,-0.0894475110593,0.83297994674,0.749122905122,-1.38084595198,0.0950379805005,0.0447237555297,0.816208538416,1.38643642142,1.5876933213,0.631723046856,1.11809388824,0.313066288708,-1.66595989348,-0.0055904694412,0.631723046856,-1.54856003521
-0.293226129014,-0.712950093033,-1.68594655508,-0.598479921028,-1.80041672708,-1.51424129707,-1.79087754608,-0.827420265038,0.345898998016,0.307742274014,0.260046369012,0.937328220043,1.22350365006,1.32843464106,0.822858048038,0.965945763045,0.717927057033,0.994563306046,1.24258201206,0.326820636015,-0.264608586012,0.517604256024,-0.503088111023
1.23400727284,1.00341199023,0.896983398258,0.91472149692,-0.0431358308376,0.169721353109,-0.238254916122,-1.64843375977,-2.63289823552,-1.29367178652,-1.40896942783,0.0810308597977,-0.0431358308376,0.364840438393,0.267280895751,0.515614277021,0.58656667167,0.728471460967,0.320495191737,1.21626917418,0.214066599764,-1.20498129321
-3.15104643375,-1.7738516038,-1.00201713867,-0.63880091978,-0.290718710013,-0.517728846817,0.753527919289,0.587053818966,0.496249764244,0.32977566392,0.79892994665,0.920002019612,0.753527919289,0.420579718642,1.14701215642,0.829197964891,-0.275584700892,0.3146416548,0.602187828086,-0.411790782975,-0.820409029224,0.284373636559,0.450847736883,1.25295022026,0.950270037853,-0.502594837697,-1.50658500274
0.917092358567,1.39832914622,1.47733817106,0.873996526836,0.629786813697,0.249106966745,-1.38853463901,-1.18023811898,-0.677453415459,-0.778010356164,-0.979124237572,-0.55534855889,-1.8482235108,-1.69020546112,-0.76364507892,0.112636832932,0.464586125397,0.364029184693,0.909909719945,0.93145763581,0.938640274432,0.593873620588
0.572225941191,1.81118572789,1.32699454688,0.614948692457,1.22730812726,1.28427179562,0.686153277899,1.54060830321,-0.567047425886,-0.381915503736,-0.937311270187,-0.980034021452,-1.42150245119,-0.510083757533,-0.011651659436,-0.310710918294,-0.367674586648,0.415575853218,-0.25374724994,-0.72369751386,-1.25061144613,-1.76328446132
0.710620073066,1.01994064353,0.921520462021,1.09024077318,1.11133081208,1.33629122696,1.49798152516,1.12539083801,0.380209463704,0.323969359983,-0.955492999675,-1.67255432212,-0.807862727407,0.485659658181,-0.132981482752,-0.660232455138,-0.828952766302,-1.22966350532,-1.96781486666,-1.01180340353,-0.906282908919,-0.575872299557,0.541899761902,0.204459139575
-0.429227246429,-0.188568280591,-0.866789002497,-1.64346111952,-1.10197844638,-1.8786505634,-1.24418601711,-0.369062504969,-0.571434817151,0.0630297291479,-0.111994973279,-0.401879636674,0.188828734017,0.216176343772,0.779537104709,1.0584827242,1.15146459737,1.18428172907,1.16787316322,1.50151400222,1.49604448027
-2.0315323153,-2.13842807485,-1.62338486971,-1.60394927706,-1.48733572118,-1.52620690648,-1.32213318368,-0.534991681485,-0.0296662726652,0.135536264833,0.116100672187,-0.214304402811,-0.913985738099,-0.593298459425,-0.515556088838,-0.165715421194,0.563119303065,0.679732858947,0.91295997071,0.883806581739,-0.215276182443,0.281303209685,0.222996431745,0.485376932478,0.524248117772,1.23364724938,1.17534047144,1.70010147291,1.17534047144,0.417352358214,0.844935396446,0.40763456189,0.495094728801,0.97126674865,0.718604044241,0.97126674865
0.524645295092,-1.70339969407,-2.68207366128,-2.01574244956,-1.33899981267,-0.297857294366,-0.100040215889,0.306005366249,0.8265766254,0.566290995824,0.701639523204,-0.287445869183,-0.141685916621,0.358062492164,0.732873798753,0.764108074302,0.680816672838,0.847399475766,-0.089628790706,0.37888534253,0.108188287771,0.358062492164,1.5033192623
-3.4520318812,-1.81544047123,-1.37444278591,-0.482647466711,-0.541447158087,-0.022049884266,-0.139649267018,0.164149138424,-0.0514497299539,0.526747235243,0.0955494984859,0.614946772307,0.33074826399,0.448347646741,0.320948315427,0.458147595304,0.712946257933,0.565947029493,-0.25724864977,0.144549241299,0.271948572614,1.17354384038,1.10494420044,1.20294368607
-0.070688406455,0.783658227853,0.71343795654,1.34542039836,0.71343795654,-0.199425570529,0.315523085766,-0.211128949081,-0.105798542112,0.467667006944,0.163379164588,0.467667006944,-0.913331662211,0.362336599975,0.081455514723,0.690031199435,0.970912284687,0.994319041791,0.362336599975,0.327226464318,-0.105798542112,-0.0238748922464,-2.44647425254,-2.73905871635,-1.9432289748
-2.4806093861,-1.85081618349,-1.48343681529,-1.55691268893,-0.869388442743,-0.94811259307,0.642115243537,0.0228185942977,0.0543082544285,-0.145126259733,0.112039298002,0.379701409114,0.421687622622,0.589632476653,0.642115243537,0.63161869016,0.621122136783,0.626370413472,0.621122136783,0.946515291469,0.80481182088,0.962260121534,1.25616361609
-0.823443214981,-1.88345704164,-1.89139722012,-1.1767811572,-1.09737937243,-0.5256865221,0.208779987009,0.0777670421409,0.443015252076,0.796353194296,0.851934443634,0.85987462211,0.55814783999,0.347733110354,0.963096942309,1.12190051185,1.16954158271
-0.673609401406,-0.652498443941,-0.708794330514,-0.596202557368,-1.22953128131,-0.91286691934,-1.0958285507,-0.926940890983,-0.152872450607,-0.195094365537,-0.575091599903,-1.20842032385,-0.919903905162,-0.60323954319,-1.11693950817,-0.589165571546,-0.356945039434,0.00194123746802,0.459345315872,0.381938471835,0.754898720379,0.768972692023,0.853416521882,0.825268578595,0.973045280849,1.5430411324,1.90896439512,2.02859315409,2.01451918245
0.70966526303,1.18394325122,1.45020457792,1.57501457481,1.33371524749,-1.00023169439,0.276990607138,-1.61180067916,-1.6034800127,-0.671565369242,-1.03767469346,-0.904544030107,-0.946147362404,0.102256611489,0.776230594706,0.2437079413,-0.488510707133,0.035691279813,0.576534599678
-0.227062364595,0.443150048235,1.16558680492,0.678159595591,1.10465840375,0.791312340614,0.295181073974,0.225548615498,-0.47948002657,-0.653561172759,-0.279286708452,0.547598735948,1.20910709147,1.47893286806,1.24392332071,0.0688755839272,-0.940795063972,-0.575224656974,0.425741933616,-1.43692633061,-2.2551077177,-1.6980480499,-1.13228432478
-0.193154607686,0.446288804073,1.32192302558,0.423245798244,-0.602167961153,-0.469670677635,0.0660792078924,0.81497689734,0.740087128395,0.607589844878,1.25279400809,0.791933891511,0.204337242867,-0.69433998447,-0.561842700952,-1.35682640206,-2.79125351492
